     Bxf        Bxc     Bxb        Byf      Byc      Byb        Bzf      Bzc      Bzb
[0, 0, 0, 0,  0,0,0,0, 0,0,0,0,   0,0,0,0, 0,0,0,0, 0,0,0,0,   0,0,0,0, 0,0,0,0, 0,0,0,0],
 ff fb bf ff


--------------------------------------------------------------------------------------
4*Bxf = Bxfff + Bxffb + Bxfbf + Bxfbb;
4*Bxb = Bxbff + Bxbfb + Bxbbf + Bxbbb;
4*Byf = Byfff + Byffb + Byfbf + Byfbb;
4*Byb = Bybff + Bybfb + Bybbf + Bybbb;
4*Bzf = Bzfff + Bzffb + Bzfbf + Bzfbb;
4*Bzb = Bzbff + Bzbfb + Bzbbf + Bzbbb;

[1,1,1,1, 0,0,0,0, 0,0,0,0,   0,0,0,0, 0,0,0,0, 0,0,0,0,   0,0,0,0, 0,0,0,0, 0,0,0,0],
[0,0,0,0, 0,0,0,0, 1,1,1,1,   0,0,0,0, 0,0,0,0, 0,0,0,0,   0,0,0,0, 0,0,0,0, 0,0,0,0],
[0,0,0,0, 0,0,0,0, 0,0,0,0,   1,1,1,1, 0,0,0,0, 0,0,0,0,   0,0,0,0, 0,0,0,0, 0,0,0,0],
[0,0,0,0, 0,0,0,0, 0,0,0,0,   0,0,0,0, 0,0,0,0, 1,1,1,1,   0,0,0,0, 0,0,0,0, 0,0,0,0],
[0,0,0,0, 0,0,0,0, 0,0,0,0,   0,0,0,0, 0,0,0,0, 0,0,0,0,   1,1,1,1, 0,0,0,0, 0,0,0,0],
[0,0,0,0, 0,0,0,0, 0,0,0,0,   0,0,0,0, 0,0,0,0, 0,0,0,0,   0,0,0,0, 0,0,0,0, 1,1,1,1],
--------------------------------------------------------------------------------------
(Bxcbf - Bxbbf) + (Bycfb - Bybfb) + (Bzfbb - Bzcbb) = 0;
(Bxfbf - Bxcbf) + (Bycff - Bybff) + (Bzffb - Bzcfb) = 0;
(Bxcbb - Bxbbb) + (Bycbb - Bybbb) + (Bzcbb - Bzbbb) = 0;
(Bxfbb - Bxcbb) + (Bycbf - Bybbf) + (Bzcfb - Bzbfb) = 0;
(Bxcff - Bxbff) + (Byffb - Bycfb) + (Bzfbf - Bzcbf) = 0;
(Bxfff - Bxcff) + (Byfff - Bycff) + (Bzfff - Bzcff) = 0;
(Bxcfb - Bxbfb) + (Byfbb - Bycbb) + (Bzcbf - Bzbbf) = 0;
(Bxffb - Bxcfb) + (Byfbf - Bycbf) + (Bzcff - Bzbff) = 0;

[0,0,0,0, 0,0,1,0, 0,0,-1,0,   0,0,0,0, 0,1,0,0, 0,-1,0,0,   0,0,0,1, 0,0,0,-1, 0,0,0,0],
[0,0,1,0, 0,0,-1,0, 0,0,0,0,   0,0,0,0, 1,0,0,0, -1,0,0,0,   0,1,0,0, 0,-1,0,0, 0,0,0,0],
[0,0,0,0, 0,0,0,1, 0,0,0,-1,   0,0,0,0, 0,0,0,1, 0,0,0,-1,   0,0,0,0, 0,0,0,1, 0,0,0,-1],
[0,0,0,1, 0,0,0,-1, 0,0,0,0,   0,0,0,0, 0,0,1,0, 0,0,-1,0,   0,0,0,0, 0,1,0,0, 0,-1,0,0],
[0,0,0,0, 1,0,0,0, -1,0,0,0,   0,1,0,0, 0,-1,0,0, 0,0,0,0,   0,0,1,0, 0,0,-1,0, 0,0,0,0],
[1,0,0,0, -1,0,0,0, 0,0,0,0,   1,0,0,0, -1,0,0,0, 0,0,0,0,   1,0,0,0, -1,0,0,0, 0,0,0,0],
[0,0,0,0, 0,1,0,0, 0,-1,0,0,   0,0,0,1, 0,0,0,-1, 0,0,0,0,   0,0,0,0, 0,0,1,0, 0,0,-1,0],
[0,1,0,0, 0,-1,0,0, 0,0,0,0,   0,0,1,0, 0,0,-1,0, 0,0,0,0,   0,0,0,0, 1,0,0,0, -1,0,0,0],
--------------------------------------------------------------------------------------
//X
Bybfb + Bybff + Bzfbb + Bzffb = 2*(Byb + Bzf);
-Bybbb - Bybbf + Bzbbb + Bzbfb = 2*(-Byb+Bzb);
Byffb + Byfff - Bzfbf - Bzfff = 2*(Byf - Bzf);
Byfbb + Byfbf + Bzbbf + Bzbff = 2*(Byf + Bzb);

//Y
Bxbbf + Bxbff + Bzfbb + Bzfbf = 2*(Bxb + Bzf);
Bxbbb + Bxbfb - Bzbbb - Bzbbf = 2*(Bxb - Bzb);
-Bxfff - Bxfbf + Bzffb + Bzfff = 2*(-Bxf + Bzf);
Bxfff + Bxfbf + Bzbfb + Bzbff = 2*(Bxf + Bzb);

//Z
-Bxbbf - Bxbbb + Bybbb + Bybfb = 2*(-Bxb + Byb);
Bxfbf + Bxffb + Bybff + Bybbf = 2*(Bxf + Byb);
Bxbff + Bxbfb + Byffb + Byfbb = 2*(Bxb + Byf);
Bxfff + Bxffb - Byfbf - Byfff = 2*(Bxf - Byf);

[0,0,0,0, 0,0,0,0, 0,0,0,0,   0,0,0,0, 0,0,0,0, 1,1,0,0,   0,1,0,1, 0,0,0,0, 0,0,0,0],
[0,0,0,0, 0,0,0,0, 0,0,0,0,   0,0,0,0, 0,0,0,0, 0,0,-1,-1,   0,0,0,0, 0,0,0,0, 0,1,0,1],
[0,0,0,0, 0,0,0,0, 0,0,0,0,   1,1,0,0, 0,0,0,0, 0,0,0,0,   -1,0,-1,0, 0,0,0,0, 0,0,0,0],
[0,0,0,0, 0,0,0,0, 0,0,0,0,   0,0,1,1, 0,0,0,0, 0,0,0,0,   0,0,0,0, 0,0,0,0, 1,0,1,0],

[0,0,0,0, 0,0,0,0, 1,0,1,0,   0,0,0,0, 0,0,0,0, 0,0,0,0,   0,0,1,1, 0,0,0,0, 0,0,0,0],
[0,0,0,0, 0,0,0,0, 0,1,0,1,   0,0,0,0, 0,0,0,0, 0,0,0,0,   0,0,0,0, 0,0,0,0, 0,0,-1,-1],
[-1,0,-1,0, 0,0,0,0, 0,0,0,0,   0,0,0,0, 0,0,0,0, 0,0,0,0,   1,1,0,0, 0,0,0,0, 0,0,0,0],
[1,0,1,0, 0,0,0,0, 0,0,0,0,   0,0,0,0, 0,0,0,0, 0,0,0,0,   0,0,0,0, 0,0,0,0, 1,1,0,0],

[0,0,0,0, 0,0,0,0, 0,0,-1,-1,   0,0,0,0, 0,0,0,0, 0,1,0,1,   0,0,0,0, 0,0,0,0, 0,0,0,0],
[0,1,1,0, 0,0,0,0, 0,0,0,0,   0,0,0,0, 0,0,0,0, 1,0,1,0,   0,0,0,0, 0,0,0,0, 0,0,0,0],
[0,0,0,0, 0,0,0,0, 1,1,0,0,   0,1,0,1, 0,0,0,0, 0,0,0,0,   0,0,0,0, 0,0,0,0, 0,0,0,0],
[1,1,0,0, 0,0,0,0, 0,0,0,0,   -1,0,-1,0, 0,0,0,0, 0,0,0,0,   0,0,0,0, 0,0,0,0, 0,0,0,0],
--------------------------------------------------------------------------------------
(Bzcbb + Bzcfb) - (Bzcbf + Bzcff) - ( (Bycfb + Bycff) - (Bycbb + Bycbf) ) = 2*Jxc;
(Bxcbf + Bxcff) - (Bxcbb + Bxcfb) - ( (Bzcfb + Bzcff) - (Bzcbb + Bzcbf) ) = 2*Jyc;
(Bycff + Bycbf) - (Bycbb + Bycfb) - ( (Bxcfb + Bxcff) - (Bxcbb + Bxcbf) ) = 2*Jzc;

[0,0,0,0, 0,0,0,0, 0,0,0,0,   0,0,0,0, -1,-1,1,1, 0,0,0,0,   0,0,0,0, -1,1,-1,1, 0,0,0,0],
[0,0,0,0, 1,-1,1,-1, 0,0,0,0,   0,0,0,0, 0,0,0,0, 0,0,0,0,   0,0,0,0, -1,-1,1,1, 0,0,0,0],
[0,0,0,0, -1,-1,1,1, 0,0,0,0,   0,0,0,0, 1,-1,1,-1, 0,0,0,0,   0,0,0,0, 0,0,0,0, 0,0,0,0],
--------------------------------------------------------------------------------------
Bycbf - Bycff + Bzcff - Bzcfb = Jxcf;
Bycbb - Bycfb + Bzcbf - Bzcbb = Jxcb;

Bxcff - Bxcfb + Bzcbf - Bzcff = Jycf;
Bxcbf - Bxcbb + Bzcbb - Bzcfb = Jycb;

Bxcbf - Bxcff + Bycff - Bycfb = Jzcf;
Bxcbb - Bxcfb + Bycbf - Bycbb = Jzcb;

[0,0,0,0, 0,0,0,0, 0,0,0,0,   0,0,0,0, -1,0,1,0, 0,0,0,0,   0,0,0,0, 1,-1,0,0, 0,0,0,0],
[0,0,0,0, 0,0,0,0, 0,0,0,0,   0,0,0,0, 0,-1,0,1, 0,0,0,0,   0,0,0,0, 0,0,1,-1, 0,0,0,0],

[0,0,0,0, 1,-1,0,0, 0,0,0,0,   0,0,0,0, 0,0,0,0, 0,0,0,0,   0,0,0,0, -1,0,1,0, 0,0,0,0],
[0,0,0,0, 0,0,1,-1, 0,0,0,0,   0,0,0,0, 0,0,0,0, 0,0,0,0,   0,0,0,0, 0,-1,0,1, 0,0,0,0],

[0,0,0,0, -1,0,1,0, 0,0,0,0,   0,0,0,0, 1,-1,0,0, 0,0,0,0,   0,0,0,0, 0,0,0,0, 0,0,0,0],
[0,0,0,0, 0,-1,0,1, 0,0,0,0,   0,0,0,0, 0,0,1,-1, 0,0,0,0,   0,0,0,0, 0,0,0,0, 0,0,0,0],